GSMtoSM : 0.000109721573247
GSMtoGSE : 0.000332588127469
GSMtoMAG : 0.361201084308
GSMtoGEO : 0.000329302792926
GSMtoGEI : 1.13805818542
SMtoGSM : 0.000109721573247
SMtoGSE : 0.342871033723
SMtoMAG : 7.15463008082e-05
SMtoGEO : 1.20848587954
SMtoGEI : 1.0599030284
GSEtoGSM : 0.000331975572344
GSEtoSM : 0.219822175333
GSEtoMAG : 0.328390813522
GSEtoGEO : 0.220110928754
GSEtoGEI : 1.1531113136
MAGtoGSM : 1.37525404825
MAGtoSM : 7.15463008082e-05
MAGtoGSE : 1.4642099926
MAGtoGEO : 0.0003161328122
MAGtoGEI : 1.07845017083
GEOtoGSM : 0.000259748696309
GEOtoSM : 0.662392857954
GEOtoGSE : 1.17362395871
GEOtoMAG : 0.000172432969852
GEOtoGEI : 2.06155857114e-12
GEItoGSM : 1.20396615341
GEItoSM : 0.394914270574
GEItoGSE : 1.06287956704
GEItoMAG : 1.20384074267
GEItoGEO : 2.06155857114e-12
