

GSMtoSM : 0.000109721573247
GSMtoGSE : 0.000332588127469
GSMtoMAG : 0.000151034884375
GSMtoGEO : 0.000329302792926
GSMtoGEI : 0.000329302794479
SMtoGSM : 0.000109721573247
SMtoGSE : 0.000381520896619
SMtoMAG : 7.15463008082e-05
SMtoGEO : 0.000382379505399
SMtoGEI : 0.000382379507198
GSEtoGSM : 0.000331975572344
GSEtoSM : 0.000311585876603
GSEtoMAG : 0.000391354734601
GSEtoGEO : 2.38353653631e-05
GSEtoGEI : 2.38353660913e-05
MAGtoGSM : 0.000160249384238
MAGtoSM : 7.15463008082e-05
MAGtoGSE : 0.000314294113143
MAGtoGEO : 0.0003161328122
MAGtoGEI : 0.000316132813067
GEOtoGSM : 0.000259748696309
GEOtoSM : 0.000165935370974
GEOtoGSE : 1.40244107255e-05
GEOtoMAG : 0.000172432969852
GEOtoGEI : 2.06155857114e-12
GEItoGSM : 0.00030986023677
GEItoSM : 0.000386211009746
GEItoGSE : 1.85932828964e-05
GEItoMAG : 0.000401965636185
GEItoGEO : 2.06155857114e-12
